# Created at 2020-08-12 23:19:33 in PST in Burnaby Canada 
-0.134081 -0.257689 -0.312847 94 110 140 
-0.136771 -0.260324 -0.361275 17 144 130 
0.216819 -0.229655 -0.367616 117 147 131 
-0.089346 -0.226438 -0.230547 42 143 124 
0.131854 -0.216999 -0.309864 5 147 129 
0.036020 -0.113438 -0.361230 44 130 126 
-0.086544 -0.262087 -0.325806 101 141 126 
0.115476 -0.161523 -0.355309 38 126 132 
-0.115455 -0.245867 -0.347508 27 126 131 
-0.147866 -0.150810 -0.308485 8 122 129 
0.008140 0.010797 0.147268 68 151 131 
0.134708 -0.148267 -0.280589 10 132 128 
0.096259 -0.230221 -0.225232 3 146 131 
0.156627 -0.235304 -0.172566 31 146 128 
0.176664 -0.242953 -0.205292 25 146 129 
0.004310 0.066704 -0.380878 113 140 128 
-0.032060 -0.146909 -0.338174 50 129 126 
0.124228 -0.048944 -0.373647 198 126 127 
-0.176371 -0.225262 -0.346539 9 136 135 
0.106204 -0.106119 -0.390654 6 122 128 
-0.030234 0.125621 -0.382902 144 135 134 
0.136463 -0.049383 -0.379563 206 124 127 
0.046042 -0.103583 -0.466063 211 118 132 
-0.053965 -0.182500 -0.387901 43 123 124 
0.154499 -0.049997 -0.381883 187 149 126 
0.118784 -0.046499 -0.368593 51 125 129 
0.170888 -0.211476 -0.366737 167 126 126 
0.045455 -0.079176 -0.403672 56 117 132 
0.212626 -0.258236 -0.409408 47 142 128 
-0.181064 0.183430 -0.377395 202 148 135 
0.233395 -0.255474 -0.421318 115 129 124 
-0.149541 -0.153493 -0.313699 7 130 129 
-0.165868 -0.237110 -0.306947 44 136 135 
0.122824 -0.129564 -0.387411 198 122 127 
0.140325 -0.180567 -0.395991 20 122 126 
-0.194062 0.181661 -0.368553 113 155 126 
-0.174703 -0.004604 -0.374182 129 134 136 
-0.037217 -0.109633 -0.392575 9 110 137 
-0.076946 -0.188464 -0.327597 27 142 135 
0.138231 -0.225134 -0.322753 21 139 131 
-0.009461 -0.113208 -0.561712 24 129 128 
-0.109573 -0.244595 -0.239900 15 140 130 
-0.130072 0.130145 -0.382200 148 141 133 
-0.128974 0.131218 -0.388514 104 142 127 
0.027102 -0.051210 -0.374351 141 165 101 
-0.145787 -0.171119 -0.261001 96 146 136 
0.149990 -0.183165 -0.336699 26 125 127 
-0.048107 -0.226573 -0.323238 7 126 124 
0.180751 -0.260494 -0.305970 38 144 129 
0.036470 0.119143 -0.386053 23 141 122 
-0.094589 -0.172856 -0.466991 156 116 133 
-0.080904 0.164933 -0.385777 184 142 137 
-0.094628 -0.246237 -0.259274 7 146 123 
-0.095063 -0.223187 -0.193457 15 140 131 
-0.020556 -0.133840 -0.592372 8 122 129 
-0.043701 -0.102803 -0.500483 136 128 126 
0.051615 0.137551 -0.390569 49 134 131 
-0.085755 -0.243977 -0.303655 22 144 122 
-0.152111 -0.193525 -0.296214 42 147 132 
-0.086064 -0.197340 -0.329533 113 143 137 
0.054291 -0.047596 -0.360926 173 131 133 
0.037659 -0.121719 -0.385932 38 118 121 
0.057427 0.143110 -0.390187 52 114 129 
0.177322 -0.236376 -0.177883 32 145 126 
-0.175294 0.162778 -0.365546 179 144 136 
0.225729 -0.221518 -0.433590 128 130 128 
0.155798 -0.253021 -0.350053 9 143 130 
-0.105253 -0.258868 -0.293827 35 147 122 
-0.101298 -0.257882 -0.237246 4 138 131 
0.239956 -0.263556 -0.308111 0 145 128 
0.151553 -0.259949 -0.186782 10 148 128 
-0.090839 0.129178 -0.396197 125 142 136 
-0.160653 -0.159815 -0.296948 143 146 134 
0.142870 -0.050424 -0.384574 205 149 127 
-0.004968 -0.051160 -0.371899 177 138 124 
-0.092450 -0.048755 -0.359743 139 144 129 
0.187376 -0.239848 -0.248706 19 145 127 
-0.110470 -0.050959 -0.359079 187 150 126 
0.143077 -0.175904 -0.399770 29 129 129 
0.109459 -0.202567 -0.568492 2 127 128 
0.069113 -0.234840 -0.319603 14 144 132 
0.055740 -0.003648 -0.369476 27 144 121 
0.046463 0.115377 -0.386131 52 131 130 
-0.122954 -0.186401 -0.277814 69 110 144 
-0.130518 0.010522 -0.375104 91 136 133 
-0.005127 -0.050189 -0.370076 178 132 128 
-0.078373 -0.267026 -0.169271 2 125 124 
-0.098342 -0.268621 -0.279332 14 164 105 
-0.082392 -0.239442 -0.221676 23 142 131 
-0.094476 -0.247308 -0.320276 161 136 131 
-0.083327 0.033339 -0.368206 94 151 129 
-0.047370 -0.231399 -0.228312 12 144 127 
0.093651 -0.155739 -0.228989 22 142 128 
0.052202 -0.123205 -0.397254 6 123 129 
0.019403 -0.223675 -0.173087 16 133 123 
0.269930 0.139714 -0.416092 217 145 128 
-0.003243 -0.180115 -0.313408 34 144 131 
0.267664 0.055351 -0.413454 196 124 127 
0.222183 0.179790 -0.421283 197 145 128 
-0.081940 -0.178195 -0.417800 120 111 130 
0.169139 -0.048240 -0.389732 81 121 131 
-0.047611 -0.121271 -0.366105 205 120 130 
-0.054257 -0.049243 -0.361839 151 159 135 
0.220842 -0.252225 -0.440430 165 137 134 
0.245948 -0.244473 -0.547311 162 126 128 
0.146011 -0.240970 -0.234797 11 145 130 
0.147492 -0.239061 -0.264244 13 144 129 
0.132081 -0.177685 -0.439630 23 130 129 
0.121979 -0.166134 -0.363544 59 129 125 
-0.088394 -0.237515 -0.150801 3 131 136 
0.112903 -0.146845 -0.398018 8 126 127 
-0.117830 -0.189548 -0.285765 147 145 135 
-0.084946 -0.259520 -0.319200 41 120 134 
-0.040323 -0.145930 -0.376669 4 127 127 
-0.133975 -0.289433 -0.267374 6 138 131 
0.101942 -0.274736 -0.494715 22 144 130 
-0.049262 -0.237053 -0.136185 2 126 126 
0.243909 0.010929 -0.390489 225 141 126 
0.055427 -0.093819 -0.433060 215 117 129 
-0.054079 -0.119229 -0.375651 194 114 125 
-0.066927 -0.263740 -0.298854 14 125 126 
-0.110023 -0.247997 -0.320897 147 141 129 
-0.119751 -0.185166 -0.296891 154 93 154 
0.315462 0.171359 -0.424504 195 123 129 
0.320080 -0.045080 -0.417773 196 127 126 
0.299427 0.095574 -0.413578 213 145 125 
0.288714 0.083342 -0.388329 197 147 125 
0.301825 0.068582 -0.432184 202 148 124 
0.282475 0.113871 -0.410809 214 146 127 
0.285970 0.096477 -0.427222 209 148 128 
0.282176 0.079296 -0.402939 210 125 131 
0.179045 -0.047614 -0.383063 43 134 131 
0.168778 -0.226468 -0.153135 28 145 127 
-0.036692 -0.114059 -0.501629 13 124 125 
0.243038 0.029366 -0.393844 223 146 125 
0.168014 -0.252630 -0.355008 69 142 129 
0.161372 -0.262394 -0.350843 27 144 130 
0.150142 -0.202148 -0.320033 8 141 130 
0.105183 -0.236974 -0.213520 10 145 130 
0.108145 -0.276315 -0.248789 15 147 129 
0.121893 -0.294343 -0.511419 13 132 134 
0.315595 0.183142 -0.418413 152 154 121 
-0.067637 -0.217441 -0.213710 14 132 125 
-0.122576 -0.254305 -0.313154 152 121 135 
-0.104432 -0.224151 -0.231768 24 142 132 
-0.001571 -0.120961 -0.531883 5 124 121 
0.297374 0.128230 -0.418269 202 148 124 
0.251181 -0.222816 -0.268923 25 144 128 
0.263327 0.127895 -0.395633 191 133 125 
0.212669 -0.241146 -0.419727 164 129 126 
0.146283 -0.187458 -0.338251 29 127 127 
-0.138827 -0.255862 -0.388065 19 124 131 
0.367508 0.103706 -0.476620 99 122 129 
0.287987 -0.239383 -0.268740 71 129 128 
0.335515 -0.010338 -0.400343 155 128 130 
0.045744 -0.081615 -0.405563 44 116 132 
0.114459 -0.159268 -0.406898 164 130 127 
-0.122788 -0.004586 -0.379482 29 146 127 
-0.118185 0.062376 -0.378684 163 146 129 
-0.107470 0.021612 -0.366867 30 142 126 
-0.061980 -0.235371 -0.216129 15 128 127 
-0.063650 -0.222945 -0.223872 32 148 121 
0.145647 -0.220150 -0.211896 15 144 128 
0.038827 -0.132206 -0.380826 8 114 121 
0.221033 -0.242154 -0.214065 21 145 126 
0.260589 0.036566 -0.391470 221 146 126 
0.340501 0.076588 -0.432748 33 124 155 
0.298318 -0.032441 -0.363949 192 126 125 
-0.100179 -0.229616 -0.347038 137 102 146 
0.025801 -0.082544 -0.445914 11 115 126 
0.380562 -0.241990 -0.407660 135 128 125 
0.378658 0.040044 -0.489378 60 112 130 
-0.036367 -0.115670 -0.501095 211 126 125 
0.051274 -0.051778 -0.380721 155 139 128 
0.396435 0.058758 -0.472448 164 121 129 
-0.120631 0.060297 -0.382858 82 150 126 
-0.078813 -0.232937 -0.285173 24 148 123 
0.307005 0.179323 -0.422571 189 142 128 
-0.102219 -0.047730 -0.365359 59 144 122 
-0.086512 -0.197439 -0.327290 72 144 137 
-0.048562 0.129520 -0.391099 79 142 135 
0.000079 0.073295 -0.380707 133 140 128 
0.028040 -0.047947 -0.360936 184 124 129 
0.123461 -0.126466 -0.393483 154 127 129 
0.099303 -0.242101 -0.178376 26 145 129 
0.089768 -0.244904 -0.370764 14 142 130 
0.024153 0.118080 -0.392573 58 136 133 
0.142889 -0.227246 -0.211882 11 144 128 
0.014055 -0.175290 -0.185867 6 136 134 
-0.003858 -0.191867 -0.190133 22 145 120 
0.171300 -0.243846 -0.279086 20 144 128 
-0.051219 -0.231149 -0.378903 27 144 136 
0.300429 0.046721 -0.423351 186 117 126 
-0.052128 -0.235931 -0.211664 17 142 127 
-0.069350 -0.226493 -0.211455 10 129 129 
0.273390 0.088307 -0.408483 195 145 126 
0.278877 -0.222695 -0.537880 142 128 124 
0.338737 0.050127 -0.385826 120 133 128 
0.354081 -0.014771 -0.430618 151 116 131 
0.306923 0.169610 -0.416246 197 144 128 
0.261405 0.090247 -0.401387 199 142 126 
0.157255 -0.232533 -0.171982 27 145 127 
0.137193 -0.174294 -0.382725 29 126 128 
0.051354 0.001092 -0.379589 28 142 124 
0.039658 -0.115078 -0.360112 50 120 120 
-0.073028 -0.217300 -0.318291 1 126 128 
0.340503 0.080167 -0.417156 25 125 157 
0.431509 -0.311117 -0.723145 120 126 130 
0.385447 0.098145 -0.398574 6 125 130 
0.378333 0.075352 -0.387048 9 126 135 
0.408060 -0.046390 -0.424422 119 125 128 
0.400145 -0.024505 -0.415279 129 122 131 
0.282830 -0.240279 -0.173121 8 122 128 
0.353458 0.101238 -0.373321 70 110 131 
0.314808 0.169645 -0.408872 197 140 129 
0.395677 -0.229725 -0.422312 160 127 127 
0.294532 0.102583 -0.411892 200 145 126 
0.249130 -0.265361 -0.252600 21 146 125 
0.206122 -0.240591 -0.265110 14 146 129 
0.158341 -0.255988 -0.355631 9 144 129 
0.134275 -0.229152 -0.175069 20 146 129 
0.137825 -0.164791 -0.471878 129 127 125 
0.111064 -0.108625 -0.423652 8 129 128 
0.099822 -0.273033 -0.493751 16 127 126 
-0.013703 -0.247636 -0.397429 13 141 131 
-0.023090 0.077351 -0.412815 44 141 127 
0.272052 0.041598 -0.401871 215 146 126 
0.247266 0.137934 -0.426329 220 144 127 
0.416206 -0.018969 -0.479214 127 129 125 
0.167862 -0.204254 -0.348608 162 128 127 
-0.070621 -0.175461 -0.361614 38 122 132 
0.034627 -0.135775 -0.178326 16 141 134 
0.113982 -0.150410 -0.398563 6 128 127 
0.390752 0.047538 -0.469635 172 120 128 
0.237808 -0.047747 -0.388942 37 127 129 
0.419191 -0.077303 -0.411399 17 119 128 
0.405425 -0.019322 -0.398716 40 127 124 
0.180533 -0.048089 -0.391137 173 124 124 
0.390896 -0.218994 -0.418840 40 132 126 
0.365419 0.131797 -0.453865 59 100 128 
0.279567 0.093767 -0.404518 214 145 126 
0.195703 -0.239069 -0.251554 27 145 127 
0.204455 -0.213114 -0.350339 137 128 127 
0.145425 -0.233093 -0.254881 11 144 130 
0.045606 0.117990 -0.398551 49 135 128 
0.230304 -0.238004 -0.272762 19 145 127 
0.401438 0.046863 -0.367057 14 126 124 
0.211776 -0.228705 -0.162729 5 146 128 
0.402612 0.038890 -0.408770 14 127 121 
0.019132 -0.225707 -0.294867 23 135 129 
0.211215 -0.255185 -0.403399 49 143 128 
0.007259 -0.090471 -0.403967 7 123 126 
-0.059960 0.143631 -0.409695 53 141 130 
0.002252 0.213230 -0.939074 143 137 133 
0.063985 -0.133092 -0.160717 22 142 134 
0.212250 -0.236942 -0.246240 28 145 128 
0.105339 -0.187276 -0.140628 5 142 132 
-0.026053 -0.096480 -0.480513 6 121 129 
-0.033013 -0.093956 -0.466367 2 120 125 
0.374196 0.105259 -0.377315 44 114 133 
0.423494 0.034051 -0.375887 44 121 131 
0.440946 0.148262 -0.429085 15 131 128 
0.425087 -0.014300 -0.382196 34 115 123 
0.418067 -0.232825 -0.361780 78 118 129 
0.298898 0.120823 -0.400441 207 147 125 
0.273016 0.143016 -0.425857 218 144 128 
0.140560 -0.235850 -0.344412 15 138 131 
0.381193 0.122522 -0.362482 54 114 123 
0.175978 -0.277040 -0.308133 20 144 127 
0.193822 -0.262762 -0.274073 24 145 127 
0.386854 0.027974 -0.372717 46 129 131 
0.280640 0.136725 -0.409301 213 144 128 
0.047525 -0.119380 -0.331117 7 127 128 
0.236526 -0.242947 -0.434452 140 127 125 
0.192727 -0.230902 -0.260343 42 144 129 
0.018797 -0.282872 -0.451698 14 142 130 
0.442361 -0.272653 -0.397043 59 121 129 
0.168832 -0.250675 -0.180970 29 145 126 
0.234866 -0.250205 -0.207154 22 145 127 
-0.002337 -0.227305 -0.295003 27 137 130 
0.332650 0.075509 -0.410345 42 128 130 
0.180743 -0.222442 -0.257097 7 144 128 
0.019104 0.337252 -0.838624 202 120 128 
0.056846 -0.271635 -0.402931 6 141 132 
0.411667 0.113836 -0.392693 36 110 137 
0.398933 0.075080 -0.398901 30 120 124 
0.415446 -0.153620 -0.404790 60 122 128 
0.356838 -0.249019 -0.299126 66 106 131 
0.366787 0.131398 -0.410689 32 110 123 
0.294142 -0.247818 -0.182456 35 123 137 
0.282560 -0.249028 -0.248696 19 147 127 
0.294031 0.084649 -0.402040 199 124 129 
0.271459 -0.237512 -0.305177 29 145 125 
0.243367 0.029970 -0.385556 220 126 128 
0.202628 -0.248632 -0.429980 164 141 131 
0.166618 -0.243748 -0.291860 4 144 130 
0.135543 -0.237452 -0.176721 28 145 127 
0.114760 -0.115182 -0.172854 1 119 130 
0.101588 -0.118240 -0.088341 4 140 125 
0.006752 -0.193734 -0.349320 2 124 127 
0.040015 -0.205518 -0.122134 3 144 124 
0.168599 -0.047357 -0.385794 57 124 129 
0.456628 0.144035 -0.479357 36 127 131 
0.453631 -0.252675 -0.392811 46 119 130 
0.395376 -0.050423 -0.406182 121 128 128 
0.381140 -0.243089 -0.368674 50 128 126 
0.312257 -0.059511 -0.388442 8 128 127 
0.270605 -0.236716 -0.305371 21 144 127 
0.122773 -0.257193 -0.267380 13 145 130 
0.005338 -0.297077 -0.511169 20 137 132 
0.051980 -0.049940 -0.364857 172 128 125 
0.331522 -0.220028 -0.100844 55 117 133 
0.411328 -0.030167 -0.399944 32 123 127 
0.424008 0.129503 -0.423647 167 119 129 
0.313121 0.182263 -0.413430 135 156 119 
0.377277 0.099882 -0.386667 19 119 140 
0.390261 -0.262249 -0.345281 64 121 126 
0.310430 -0.260231 -0.202543 11 113 139 
0.407424 0.008209 -0.404435 17 125 129 
0.335052 -0.222014 -0.111526 8 115 127 
0.444651 0.119372 -0.367944 77 95 144 
0.259763 -0.240277 -0.194825 8 147 124 
0.341266 -0.226348 -0.138745 27 116 125 
0.378469 -0.280650 -0.206126 5 117 125 
0.283476 0.114525 -0.413897 215 143 126 
0.209018 -0.248785 -0.187315 31 146 126 
0.197027 -0.235271 -0.254016 23 145 127 
0.170814 -0.226653 -0.248900 28 144 127 
0.167685 -0.233325 -0.235251 19 144 127 
0.154254 -0.269598 -0.213729 34 145 127 
0.146392 -0.244641 -0.171189 25 145 127 
0.461285 0.109984 -0.435099 55 112 135 
0.047776 0.074503 -0.396227 52 139 131 
0.289704 0.065320 -0.386169 207 123 125 
0.257591 0.036026 -0.362172 218 146 127 
-0.000379 -0.222351 -0.301696 12 133 133 
0.303094 -0.239924 -0.254644 18 99 139 
0.053682 0.001218 -0.370016 28 113 124 
-0.036473 0.332891 -0.827520 151 114 123 
0.170909 -0.241776 -0.250424 26 144 128 
-0.049924 -0.115862 -0.509801 9 117 123 
0.019046 -0.076844 -0.389374 17 115 124 
0.408623 0.143121 -0.499507 57 105 127 
0.137177 -0.191273 -0.416949 18 127 125 
0.122099 -0.164664 -0.416999 58 124 126 
0.067713 -0.083831 -0.383672 103 115 130 
0.044028 0.139950 -0.419906 52 111 125 
0.035899 -0.122189 -0.385873 40 113 118 
0.335250 -0.217724 -0.082827 77 122 132 
0.334759 -0.227083 -0.080451 100 122 132 
0.327505 -0.237472 -0.091067 20 118 132 
0.212798 -0.234698 -0.223249 17 145 128 
0.247059 -0.212288 -0.172626 21 147 125 
0.342599 -0.205429 -0.107593 14 121 128 
0.358615 -0.266380 -0.181573 29 122 126 
0.086383 -0.266831 -0.155009 48 139 133 
0.081375 -0.231416 -0.177806 25 140 125 
0.362186 -0.226034 -0.135896 29 125 130 
0.308306 -0.279002 -0.203732 58 114 127 
0.268584 -0.245563 -0.311232 14 144 128 
0.106562 -0.290173 -0.468678 6 143 131 
0.042854 -0.160381 -0.269299 19 126 129 
0.147302 -0.240090 -0.281518 3 144 129 
0.201311 -0.247067 -0.185290 7 146 126 
0.707604 -0.029978 -0.788785 54 119 135 
0.469083 -0.134454 -0.415500 77 123 132 
0.615482 -0.001630 -0.654203 52 125 132 
0.041594 -0.050407 -0.367385 161 128 125 
0.121094 -0.174525 -0.387250 12 127 127 
0.197623 -0.049325 -0.398690 62 129 127 
0.336662 0.044194 -0.408916 32 129 127 
0.472800 0.098555 -0.467905 69 115 131 
0.448659 -0.260077 -0.421572 87 117 129 
0.385890 -0.246720 -0.346248 67 138 125 
0.431678 0.027966 -0.413278 20 116 135 
0.061716 -0.197676 -0.317750 23 136 135 
0.427318 0.141892 -0.433288 138 111 129 
0.375406 0.034789 -0.470800 35 122 129 
0.122217 -0.136643 -0.459650 197 127 127 
0.102949 -0.137981 -0.173285 17 142 130 
0.321420 0.068450 -0.400055 12 132 129 
0.467948 0.144854 -0.470324 31 118 136 
0.212656 -0.237731 -0.197712 20 146 126 
0.338120 -0.228704 -0.113940 78 122 133 
-0.032894 -0.257090 -0.350207 4 138 131 
0.117232 -0.146446 -0.113038 5 144 129 
0.464535 0.162775 -0.467797 142 114 134 
0.282325 0.095735 -0.412948 218 124 128 
0.102388 -0.112296 -0.413234 11 127 127 
0.464806 0.079233 -0.353941 51 124 130 
0.408804 0.062152 -0.436917 27 124 128 
0.288778 -0.251279 -0.325231 68 143 127 
0.187247 -0.240397 -0.249346 19 145 127 
0.497940 0.056487 -0.359465 24 128 133 
0.147778 -0.183713 -0.324812 13 124 128 
0.501248 0.074873 -0.352089 43 101 142 
0.509952 0.088825 -0.377241 66 123 129 
0.459084 0.124224 -0.394488 73 125 133 
0.375863 -0.025877 -0.392288 58 124 126 
0.294396 0.104847 -0.410280 206 121 128 
0.216013 -0.224003 -0.166171 26 146 126 
0.191145 -0.219270 -0.203452 16 145 127 
0.139311 -0.156456 -0.442665 47 129 128 
0.111083 -0.104080 -0.400144 3 127 128 
-0.011098 0.066138 -0.379977 29 118 127 
0.382849 0.055823 -0.484730 31 123 162 
0.150462 -0.248464 -0.347936 9 143 129 
0.027117 0.064399 -0.378373 62 117 116 
0.394110 0.058503 -0.424739 31 126 128 
0.445999 0.126073 -0.335966 74 125 132 
-0.000645 0.097977 -0.387387 60 118 129 
0.025232 -0.049553 -0.369944 186 120 130 
0.381411 0.130510 -0.392400 76 135 129 
0.163952 -0.243521 -0.274955 12 144 128 
0.358124 0.093717 -0.390265 20 120 154 
0.354188 0.065862 -0.384498 31 126 128 
0.284557 0.081309 -0.414960 216 123 125 
0.248913 0.030219 -0.361072 212 125 129 
0.214289 -0.241337 -0.233380 18 145 127 
0.172015 -0.236578 -0.227867 18 144 127 
0.338997 -0.217477 -0.127690 3 118 122 
0.383123 0.072235 -0.387554 27 126 130 
0.134071 -0.240713 -0.211430 13 145 127 
0.510243 0.115966 -0.374355 16 125 132 
0.440026 0.111778 -0.332971 67 122 126 
0.572150 -0.010111 -0.516833 82 124 135 
0.249176 -0.227226 -0.462615 150 127 126 
0.111796 -0.155129 -0.512310 192 125 126 
0.367471 -0.264617 -0.328548 53 123 135 
0.165049 -0.243507 -0.289670 13 144 128 
0.599478 -0.168159 -0.604870 84 118 138 
0.091511 -0.225210 -0.331816 3 138 131 
0.440221 -0.270634 -0.394691 54 120 130 
0.375417 0.139256 -0.417546 155 123 126 
0.368601 0.134264 -0.463578 57 108 128 
-0.018099 0.126422 -0.394727 79 123 125 
0.238288 -0.230868 -0.200803 23 146 126 
0.264987 0.039865 -0.373005 218 122 129 
0.183297 -0.248500 -0.286970 11 144 128 
0.031725 -0.142248 -0.406327 48 126 128 
0.412513 0.107162 -0.400587 33 118 129 
0.318739 -0.273815 -0.312759 32 87 146 
0.314829 -0.038986 -0.429668 209 128 127 
0.102383 0.203405 -0.402438 71 125 126 
-0.003616 0.139214 -0.391512 52 113 130 
0.348576 -0.228828 -0.241590 7 119 133 
0.701731 -0.310530 -0.851307 93 128 132 
0.119889 -0.257002 -0.664514 130 128 126 
-0.023176 0.097273 -0.385503 41 120 130 
0.010254 0.089777 -0.345353 33 114 119 
0.028140 0.125435 -0.422284 38 116 124 
0.459247 -0.022038 -0.430174 40 129 130 
0.420568 -0.076723 -0.416042 17 122 128 
0.394722 -0.262384 -0.417075 9 127 126 
0.439097 -0.024584 -0.711362 60 125 126 
0.168014 -0.270093 -0.367352 65 143 129 
0.168478 -0.259314 -0.368065 66 142 130 
-0.000804 -0.176344 -0.304245 32 137 134 
0.427842 0.032785 -0.366991 16 116 133 
0.254572 -0.248752 -0.273231 9 144 127 
0.633634 0.311263 -0.631010 30 122 132 
0.284621 0.115666 -0.419437 218 123 130 
0.444015 0.093695 -0.341568 53 129 128 
0.418214 -0.044172 -0.409357 21 118 132 
0.399387 0.155308 -0.417805 21 127 124 
0.269692 0.091455 -0.449153 203 128 127 
-0.029014 0.125801 -0.382848 116 126 119 
0.093398 -0.287737 -0.712448 107 129 125 
0.239011 -0.047736 -0.391274 89 126 126 
-0.005770 -0.052965 -0.371307 164 123 127 
0.197383 -0.047432 -0.385980 92 124 127 
0.374067 -0.004007 -0.518542 27 125 128 
0.028163 -0.049927 -0.364750 197 126 126 
-0.049792 0.204444 -0.868762 176 136 131 
0.123853 -0.050451 -0.381370 203 152 127 
0.135418 -0.054776 -0.395295 97 123 127 
0.454956 0.144425 -0.477896 162 114 131 
-0.003469 -0.048684 -0.361934 174 122 125 
0.464500 0.005415 -0.412192 84 111 133 
0.017366 -0.091447 -0.400355 10 127 125 
0.023045 -0.073620 -0.374258 10 123 126 
0.485594 0.131010 -0.490664 18 118 131 
0.410912 0.148539 -0.435444 162 121 132 
0.301229 -0.248716 -0.276923 18 98 146 
0.396486 0.028229 -0.386867 38 118 129 
0.456461 0.012486 -0.420769 21 115 134 
0.234970 -0.265731 -0.439411 119 127 125 
0.294821 0.104131 -0.412938 193 127 127 
0.160798 -0.251215 -0.576945 168 127 126 
0.461644 0.063681 -0.377083 48 122 134 
0.280554 0.145741 -0.421612 219 124 125 
0.234525 0.070193 -0.326194 220 127 126 
0.149467 -0.188770 -0.296390 10 142 130 
0.716087 -0.407925 -0.850545 72 127 133 
0.539939 -0.185824 -0.498133 92 119 135 
0.425199 -0.158570 -0.427367 68 116 130 
0.383118 0.041622 -0.449897 51 130 126 
0.374547 -0.036969 -0.443731 137 129 126 
0.316588 0.187988 -0.426243 223 144 129 
0.245682 0.135203 -0.414713 219 124 129 
0.240450 -0.252684 -0.460721 131 128 126 
0.177950 -0.242287 -0.665459 177 127 128 
0.048357 0.074710 -0.386692 52 115 131 
-0.001020 0.060301 -0.373695 141 124 125 
0.159377 -0.250849 -0.362538 43 137 132 
0.494776 0.114451 -0.353396 22 124 136 
0.384150 -0.002294 -0.391257 111 112 131 
0.367028 -0.243965 -0.506739 124 128 127 
0.400613 0.005768 -0.681153 82 125 129 
0.314650 -0.058376 -0.394172 6 127 126 
0.212325 -0.244361 -0.425109 146 126 126 
0.210651 -0.262331 -0.416317 62 151 119 
0.149783 -0.250346 -0.345404 6 142 128 
0.459922 0.109288 -0.367603 74 118 131 
0.499615 0.076044 -0.345579 42 122 133 
0.435366 -0.199894 -0.264745 56 124 128 
0.406693 -0.050126 -0.412852 110 115 130 
0.379814 0.010135 -0.381964 108 114 129 
0.155149 -0.048179 -0.380666 200 127 125 
0.122415 -0.114409 -0.418993 166 129 126 
0.107942 -0.096354 -0.390626 92 128 126 
0.060953 -0.086849 -0.396226 8 123 128 
-0.002744 -0.123867 -0.279301 3 125 125 
-0.066228 -0.130370 -0.415428 179 127 126 
0.202314 0.181618 -0.406603 86 121 130 
0.442919 0.135625 -0.451760 123 115 126 
0.116787 -0.051207 -0.388237 195 129 127 
-0.014335 0.138190 -0.386166 101 117 128 
0.344476 0.090314 -0.427526 37 127 130 
0.353479 -0.221018 -0.516231 118 127 126 
0.302293 -0.029506 -0.381973 207 124 128 
0.148411 -0.188104 -0.339364 30 126 125 
0.101737 -0.121389 -0.435481 7 126 128 
0.042613 -0.066447 -0.361615 14 114 130 
0.730750 -0.245362 -0.878502 84 123 135 
0.500252 0.030468 -0.368349 97 118 131 
0.494082 0.112334 -0.372752 19 120 132 
0.535035 0.012074 -0.517248 95 124 131 
0.288379 0.075323 -0.377794 206 125 127 
0.048426 -0.080151 -0.280873 22 115 128 
-0.037170 -0.101248 -0.375272 6 127 126 
0.349229 0.101286 -0.453146 45 121 132 
0.464511 0.132665 -0.478186 108 104 133 
0.424723 0.127968 -0.429875 166 116 135 
0.415825 0.141827 -0.406044 166 117 131 
0.499808 0.099717 -0.377159 78 121 137 
0.448960 0.154712 -0.408822 47 126 129 
0.470499 0.108298 -0.460603 134 116 131 
0.424387 -0.041942 -0.385574 101 122 134 
0.456278 0.124005 -0.476120 138 117 132 
0.418243 0.069372 -0.386232 22 115 131 
0.364078 0.084131 -0.520068 75 122 125 
0.282799 0.116813 -0.405052 214 123 133 
0.092754 0.197232 -0.389022 12 129 126 
0.026040 0.119078 -0.381065 57 118 124 
-0.009085 0.067795 -0.367225 28 111 125 
0.028145 0.065374 -0.371844 180 114 133 
0.003782 0.075322 -0.375302 74 128 126 
0.448285 0.100362 -0.454288 59 115 132 
0.318715 -0.065853 -0.417018 8 126 127 
-0.029486 0.127006 -0.375833 150 133 131 
-0.037297 -0.109800 -0.384551 2 124 128 
0.394078 0.003433 -0.241992 103 124 131 
0.106756 -0.234685 -0.590635 4 125 125 
-0.088160 -0.174762 -0.470163 132 127 127 
0.397924 0.007901 -0.680752 207 123 130 
0.496041 0.086924 -0.352800 65 126 132 
0.494146 0.043816 -0.373259 63 116 132 
0.339290 0.034961 -0.293916 50 128 127 
0.050720 0.098320 -0.374743 48 123 132 
-0.021445 0.098043 -0.370846 182 123 128 
0.402959 0.146656 -0.407056 162 122 132 
0.505321 0.116206 -0.380445 19 116 141 
0.039103 0.202143 -0.381663 42 127 126 
0.091182 -0.340422 -0.757847 7 127 126 
0.374231 -0.025439 -0.391076 50 119 128 
0.400280 0.101672 -0.584358 63 129 129 
0.402251 0.013419 -0.544052 67 127 126 
0.112944 -0.148350 -0.486462 6 129 125 
0.481089 0.034518 -0.408547 81 118 131 
0.475822 0.113394 -0.457349 58 123 132 
0.481499 -0.083674 -0.432110 93 123 134 
0.264971 0.028057 -0.630602 219 122 124 
0.251480 -0.227847 -0.470232 142 129 127 
0.474320 0.055633 -0.351105 70 118 132 
0.446403 0.127874 -0.334534 54 120 136 
0.290232 0.184979 -0.409896 197 124 127 
0.055957 0.142288 -0.386966 63 141 130 
0.440012 0.148867 -0.447209 115 122 129 
0.393008 -0.018564 -0.389966 113 113 132 
0.512313 0.084664 -0.397975 56 119 137 
0.028441 -0.047515 -0.364082 199 112 126 
0.402985 0.154758 -0.432236 150 117 131 
0.306330 -0.033357 -0.398248 200 124 127 
0.217644 0.207570 0.094141 30 122 134 
0.223061 -0.260135 -0.535600 151 125 127 
0.676237 -0.214095 -0.863160 110 118 128 
0.365283 0.120276 -0.363489 51 117 134 
0.372214 0.008212 -0.401740 66 127 126 
0.295576 0.087244 -0.408245 188 125 128 
0.252815 0.000348 -0.437023 215 126 127 
0.319195 0.072100 -0.388647 17 127 129 
0.398319 0.122252 -0.453742 56 122 130 
0.304705 0.180918 -0.410730 119 126 128 
0.123840 -0.145399 -0.398090 31 128 126 
0.357849 0.088064 -0.402501 18 132 124 
0.039788 -0.114613 -0.365880 52 125 130 
0.458092 -0.074191 -0.469544 80 119 131 
0.368583 0.049792 -0.429983 31 130 126 
0.308625 0.056786 -0.453464 198 131 128 
0.284621 0.115059 -0.416069 214 125 131 
0.243588 0.136804 -0.394466 220 121 126 
0.135047 -0.184019 -0.501033 35 126 127 
0.039209 0.123629 -0.371503 35 120 128 
0.319322 -0.041110 -0.400299 190 123 130 
0.168934 -0.039726 -0.365990 178 124 127 
0.459889 0.102738 -0.519890 40 110 131 
0.421918 0.011695 -0.392829 13 121 134 
0.358523 0.098829 -0.388380 49 119 130 
0.340223 0.133349 -0.430060 149 125 128 
0.246240 0.030385 -0.407293 217 121 127 
0.122257 -0.126101 -0.413189 37 129 126 
0.048591 -0.081637 -0.323359 11 127 124 
0.266398 0.126944 -0.412633 194 143 129 
-0.068867 0.545333 -0.855707 28 123 124 
-0.053910 0.139334 -0.370658 53 137 131 
0.412712 -0.023453 -0.417030 36 120 130 
0.470775 0.122158 -0.576219 82 117 134 
0.374283 0.094865 -0.500697 91 135 132 
0.331593 0.051925 -0.425660 24 128 123 
0.333226 0.118060 -0.436746 26 128 127 
0.316327 0.170794 -0.422643 193 123 126 
0.255912 0.016768 -0.411676 204 131 118 
0.241766 -0.232603 -0.481531 136 120 127 
0.054428 -0.108135 -0.348689 9 127 129 
0.021787 0.060113 -0.367397 32 114 131 
-0.113629 -0.241463 -0.602141 102 134 125 
-0.081997 0.034539 -0.356898 157 140 129 
0.416360 0.025952 -0.522754 33 126 126 
0.115823 -0.043134 -0.368495 173 123 126 
-0.053476 -0.050053 -0.360142 154 122 126 
0.387511 -0.036721 -0.424067 50 119 128 
-0.089907 0.139821 -0.396287 55 119 127 
0.406765 0.009385 -0.554456 84 129 125 
0.327499 0.178426 -0.428126 13 124 131 
0.024555 0.117966 -0.384900 46 127 130 
-0.009738 0.130438 -0.361418 46 134 131 
-0.037724 -0.086131 -0.351101 124 128 126 
-0.067496 0.086237 -0.368750 26 143 123 
-0.105020 -0.175051 -0.459281 179 109 135 
-0.089460 0.125576 -0.382328 125 120 130 
-0.095949 0.092185 -0.402482 41 117 124 
0.332247 0.179469 -0.457016 84 122 129 
-0.093266 -0.052055 -0.361383 156 127 132 
-0.098231 -0.044139 -0.346370 73 123 128 
0.389021 0.111193 -0.501096 60 121 128 
0.265634 0.095630 -0.412776 199 124 124 
-0.074974 0.482149 -0.895205 26 124 127 
0.346081 0.145612 -0.475744 141 129 129 
0.324866 0.186007 -0.452331 211 130 126 
-0.107463 0.229083 -0.810186 194 140 130 
-0.079967 0.066492 -0.356178 26 143 123 
-0.114794 0.165983 -0.371402 187 140 132 
-0.112399 0.030667 -0.366227 113 124 123 
-0.122016 0.144691 -0.373998 51 134 133 
-0.111594 0.065494 -0.350297 129 144 126 
-0.128319 0.129192 -0.365376 162 136 132 
-0.165453 0.183662 -0.371212 174 148 127 
0.027963 -0.050480 -0.367812 192 125 125 
0.344216 0.059218 -0.450126 22 131 129 
0.050830 0.136924 -0.390311 53 136 130 
0.037937 -0.120704 -0.379491 47 126 130 
-0.109756 -0.000034 -0.357993 30 144 121 
-0.082874 0.209878 -0.825530 211 141 132 
0.037568 -0.161001 -0.425736 3 126 125 
-0.112404 0.209160 -0.794532 185 138 134 
-0.145630 0.240898 -0.816683 201 139 129 
-0.173371 0.226635 -0.843913 188 139 132 
-0.107628 0.127679 -0.357592 120 136 131 
-0.117471 -0.005728 -0.362943 31 126 124 
-0.165342 0.143188 -0.353054 111 130 134 
-0.180393 0.167942 -0.372470 181 144 134 
-0.305179 -0.293251 -0.598641 145 125 125 
-0.193409 0.184519 -0.356339 96 159 117 
-0.004077 -0.051744 -0.366987 182 114 130 
-0.167293 -0.002003 -0.362620 124 124 119 
0.121348 -0.098188 -0.375391 184 124 125 
-0.184257 0.231106 -0.777005 197 136 130 
-0.128341 0.085607 -0.362076 49 135 130 
-0.170443 -0.005985 -0.357301 115 123 125 
-0.202569 0.163592 -0.375620 193 142 132 
-0.235313 0.136136 -0.396515 219 145 131 
-0.220294 0.123084 -0.350672 207 146 130 
0.007896 0.204608 -0.906588 175 137 133 
0.136923 -0.051153 -0.384720 182 120 129 
-0.061273 -0.109636 -0.406285 197 126 123 
-0.083063 0.141281 -0.377302 53 115 132 
-0.117223 0.110711 -0.382650 24 140 125 
0.367506 -0.306216 -0.690582 123 129 127 
0.239272 0.036311 -0.383884 217 147 127 
0.037714 -0.089852 -0.340533 1 127 127 
0.024715 0.119070 -0.384895 47 133 130 
0.002307 0.086222 -0.375172 26 140 126 
-0.087128 0.126356 -0.375638 134 138 130 
-0.128036 0.008880 -0.359250 111 128 133 
-0.221070 0.131293 -0.357776 205 149 132 
-0.228332 0.152338 -0.360510 203 148 133 
-0.261367 0.190691 -0.374966 72 170 106 
-0.249924 0.175655 -0.350544 191 140 133 
-0.272958 0.119239 -0.352887 23 123 129 
-0.273770 0.104394 -0.355273 23 123 128 
-0.249466 0.185199 -0.352595 73 162 123 
0.130198 -0.114528 -0.438893 182 132 127 
-0.179258 0.184254 -0.362250 209 143 130 
-0.469987 0.093444 -0.764671 168 122 129 
-0.115837 0.059699 -0.363204 115 119 128 
-0.113090 0.098395 -0.361392 93 145 130 
-0.202213 -0.241680 -0.585024 163 121 125 
-0.252387 -0.097694 -0.361400 152 124 125 
-0.304313 0.122078 -0.387399 9 132 126 
-1.458023 1.775517 -3.851939 220 99 123 
-0.264367 -0.078977 -0.339909 152 118 131 
-0.054057 0.138262 -0.376322 50 136 130 
-0.048566 -0.117415 -0.369714 52 127 126 
0.222332 -0.245880 -0.498159 136 130 128 
-0.048185 -0.129909 -0.365371 80 128 126 
-0.086857 -0.173078 -0.445237 153 120 128 
-0.261705 0.184294 -0.357773 11 134 132 
-0.016145 0.137136 -0.381840 148 138 133 
-0.082965 0.077123 -0.357299 41 134 130 
-0.195611 0.184801 -0.366126 147 148 130 
-0.119516 0.146110 -0.362359 44 141 133 
-0.245816 -0.037195 -0.344530 212 150 128 
-0.248347 0.176032 -0.349124 178 143 132 
-0.243986 -0.086758 -0.348344 162 117 132 
-0.203142 0.155832 -0.365460 206 146 132 
-0.217547 0.166273 -0.355775 175 144 132 
-0.247599 0.191534 -0.347505 181 147 129 
-0.240086 0.173956 -0.328765 181 139 135 
-0.084339 0.127739 -0.360442 121 137 130 
0.027146 -0.053453 -0.378338 179 129 126 
-0.109872 -0.051074 -0.351553 191 148 126 
-0.036663 -0.112560 -0.402827 6 124 127 
-0.169541 -0.002731 -0.352540 139 135 133 
-0.444636 0.120728 -0.733512 13 129 128 
-0.099425 -0.179629 -0.430346 188 123 127 
-0.194101 -0.220747 -0.538191 170 130 126 
0.113036 -0.076470 -0.356160 204 116 132 
0.116028 -0.121077 -0.444295 9 134 125 
0.024347 0.118915 -0.380338 54 140 129 
0.027208 -0.053808 -0.381106 177 142 132 
-0.106771 0.020848 -0.360072 29 142 122 
-0.116069 -0.000959 -0.353123 25 144 122 
-0.029160 0.126715 -0.377337 165 134 134 
-0.021000 0.097457 -0.371693 165 142 129 
-0.050564 0.208789 -0.412054 8 129 129 
-0.079246 0.165855 -0.375797 170 140 132 
-0.087028 0.096732 -0.378182 26 138 124 
-0.126499 0.166274 -0.361050 173 140 132 
-0.127634 0.130104 -0.360704 167 135 132 
-0.233003 0.243401 -0.639146 179 141 133 
-0.231250 0.166145 -0.351523 169 144 133 
-0.241423 0.167362 -0.353672 170 145 132 
0.026499 0.064761 -0.376372 86 137 133 
-0.067841 0.098717 -0.367008 174 141 132 
-0.099026 0.035249 -0.363194 154 142 129 
-0.113757 0.075524 -0.361345 156 145 127 
0.203275 0.180820 -0.413950 88 186 96 
0.284187 0.143846 -0.429706 204 149 129 
0.262492 0.126522 -0.406716 181 148 127 
0.268391 0.054924 -0.416285 201 146 127 
-0.000898 0.138776 -0.387303 54 138 130 
-0.090265 0.031757 -0.357250 36 141 126 
-0.112403 0.113768 -0.361868 28 140 127 
0.283407 0.113977 -0.419103 181 150 127 
0.283194 0.093923 -0.420094 202 149 128 
0.253206 0.151095 -0.415164 200 148 129 
0.047225 0.097296 -0.387259 54 141 129 
-0.009318 0.066470 -0.376420 32 144 125 
-0.066414 0.076116 -0.361076 147 142 127 
-0.112118 0.031435 -0.367355 130 140 129 
-0.141005 -0.262680 -0.480672 161 128 129 
-0.215245 0.154274 -0.357575 215 146 131 
-0.216744 0.141311 -0.343287 201 147 130 
-0.093462 0.065230 -0.364883 163 141 132 
0.103044 -0.105470 -0.382439 5 130 130 
-0.177354 0.184202 -0.357319 187 145 131 
0.253412 0.018939 -0.404794 191 148 128 
0.243740 0.010065 -0.396664 213 148 128 
0.248064 0.134522 -0.423764 207 151 130 
0.236084 -0.255198 -0.421133 119 139 133 
0.214099 -0.238598 -0.530065 167 129 124 
0.176269 -0.233055 -0.397085 168 132 125 
0.152563 -0.213734 -0.346359 15 129 129 
0.070831 -0.178681 -0.291146 28 126 128 
-0.093469 0.063308 -0.329015 48 141 125 
-0.124875 -0.225860 -0.347185 162 161 111 
-0.141022 -0.219684 -0.355697 10 133 136 
-0.190194 -0.246691 -0.381807 38 147 132 
-0.194900 -0.231583 -0.378260 90 147 132 
-0.197181 0.165583 -0.364071 173 144 134 
-0.222055 0.123699 -0.354239 175 149 130 
-0.219289 0.115603 -0.345020 212 147 131 
0.138598 -0.055452 -0.396693 41 136 123 
0.199006 -0.217956 -0.374683 149 127 129 
-0.050335 -0.083907 -0.359050 218 118 131 
-0.108966 0.003509 -0.353665 26 143 124 
-0.137066 -0.217981 -0.370440 170 122 125 
-0.140456 -0.146916 -0.284382 11 121 127 
-0.014785 -0.012188 0.018965 114 184 98 
0.239270 0.031710 -0.390015 212 151 128 
0.137802 -0.201066 -0.333426 24 129 128 
0.139220 -0.227812 -0.328663 13 176 114 
0.088056 -0.213959 -0.310360 6 144 128 
0.043561 -0.067181 -0.358428 4 127 125 
0.037032 0.123953 -0.402958 35 145 125 
0.018147 0.059022 -0.351706 34 144 126 
-0.027206 -0.049301 -0.360876 145 181 78 
-0.031879 0.199256 -0.386598 14 127 127 
-0.086358 0.126932 -0.367406 127 138 134 
-0.096579 0.018681 -0.353828 89 136 133 
-0.111584 0.127085 -0.366516 101 140 137 
-0.126805 0.011207 -0.354670 105 131 135 
-0.127625 -0.247058 -0.323574 2 143 132 
-0.208255 -0.251630 -0.598901 126 122 126 
-0.146911 0.145666 -0.354961 111 132 135 
-0.163837 0.184219 -0.365975 155 149 125 
-0.248711 -0.037569 -0.333474 200 151 127 
-0.279748 -0.222801 -0.377694 76 124 128 
-0.265107 -0.066933 -0.344401 6 131 127 
-0.068084 0.098033 -0.369668 169 140 127 
-0.023657 0.204498 -0.386484 137 126 118 
0.026312 -0.044853 -0.348450 175 124 147 
0.297072 -0.234732 -0.589914 138 130 123 
0.049603 0.136631 -0.377423 56 142 129 
-0.072905 -0.198905 -0.326182 25 123 129 
-0.166021 0.142784 -0.356881 112 131 135 
-0.166346 0.002484 -0.356178 115 132 134 
-0.243497 -0.076164 -0.323834 32 126 125 
0.050156 0.007371 -0.358601 29 140 124 
-0.427718 0.060814 -0.673786 181 124 129 
0.263795 0.102939 -0.460587 206 151 129 
0.148562 -0.224735 -0.278749 27 144 130 
0.152561 -0.188837 -0.346984 31 128 128 
0.161561 -0.192895 -0.428097 144 131 128 
0.107118 -0.165154 -0.380750 14 132 123 
0.045527 0.074286 -0.386622 52 140 132 
-0.031178 -0.083140 -0.374718 84 117 133 
-0.068713 -0.168877 -0.543503 209 128 129 
-0.076214 -0.263190 -0.634402 27 126 127 
-0.060197 -0.223639 -0.234001 29 137 129 
-0.114205 0.089414 -0.356249 19 140 126 
-0.171347 -0.242155 -0.356438 146 142 134 
-0.222676 -0.262401 -0.331729 39 149 133 
-0.236201 0.116732 -0.356959 199 149 131 
-0.259030 0.183573 -0.352114 11 134 132 
-0.383503 0.037870 -0.580162 57 114 140 
0.000817 0.097500 -0.381267 164 146 123 
-0.114700 0.061492 -0.359268 227 150 132 
0.255650 0.090154 -0.395610 186 144 128 
-0.103852 -0.240712 -0.365373 155 142 133 
-0.110707 0.067143 -0.364213 145 142 138 
-0.240538 -0.032566 -0.333508 210 152 129 
-0.280561 -0.086382 -0.359533 152 116 132 
0.244290 -0.249441 -0.502624 151 127 123 
0.132036 -0.196787 -0.445280 43 127 131 
-0.020474 0.074717 -0.388252 50 136 131 
-0.067547 0.075260 -0.370971 106 142 127 
-0.067971 0.086660 -0.371991 24 141 125 
-0.064121 -0.177417 -0.315288 44 126 127 
-0.119815 -0.230872 -0.554015 188 127 124 
-0.091577 -0.233661 -0.311561 144 140 132 
-0.078042 -0.233763 -0.247765 43 135 132 
-0.110345 0.033228 -0.358519 10 146 128 
-0.081109 -0.235524 -0.221040 32 132 131 
-0.088278 -0.220938 -0.225311 17 134 132 
-0.102823 -0.238199 -0.221828 42 131 135 
-0.178655 -0.214214 -0.265200 18 143 131 
-0.238205 0.185513 -0.358482 88 160 126 
-0.248878 0.184286 -0.354008 165 149 131 
0.266321 0.125415 -0.419823 187 146 128 
0.022923 0.203760 -0.393014 19 129 126 
-0.122223 -0.234769 -0.264354 122 152 122 
-0.159751 -0.232262 -0.287093 53 145 132 
-0.231843 -0.232859 -0.382115 81 149 131 
-0.073509 -0.179813 -0.367346 17 128 128 
-0.130331 -0.229594 -0.331228 10 144 134 
0.278465 -0.244879 -0.496195 144 124 126 
0.236634 -0.254212 -0.478594 117 133 126 
0.151502 -0.236603 -0.260197 21 150 131 
0.153522 -0.248865 -0.341214 2 147 131 
0.157860 -0.210444 -0.533330 146 130 129 
0.091733 -0.228099 -0.180991 11 146 129 
0.074163 -0.242390 -0.282476 5 144 130 
0.050212 -0.239854 -0.277434 8 143 127 
-0.002584 -0.095998 -0.424639 220 119 130 
-0.089447 -0.247691 -0.291395 11 140 130 
-0.106157 0.076667 -0.365953 45 140 128 
-0.096032 -0.233277 -0.200410 44 134 131 
-0.112141 -0.236829 -0.210835 10 135 131 
-0.167641 0.143033 -0.362281 111 131 135 
-0.181853 -0.250029 -0.353125 43 143 134 
-0.199803 0.156479 -0.354631 208 146 132 
-0.260404 -0.232658 -0.473014 150 118 128 
-0.226737 0.152059 -0.357572 201 148 133 
-0.120304 0.184145 -0.372999 31 144 126 
0.135934 -0.050257 -0.381439 204 148 128 
0.206566 -0.250986 -0.393872 53 174 108 
0.212884 -0.243432 -0.422864 157 132 128 
0.151634 -0.198127 -0.362353 28 126 130 
0.200238 0.179266 -0.408979 106 181 106 
0.170141 -0.234234 -0.259602 26 150 131 
0.101149 -0.229789 -0.177178 2 150 130 
0.045212 -0.078794 -0.398776 7 129 125 
-0.230832 0.165740 -0.354952 174 146 133 
-0.218498 0.166743 -0.363013 179 144 134 
-0.165592 0.119288 -0.353050 89 133 134 
-0.076576 -0.239734 -0.170332 17 137 124 
-0.115194 -0.244857 -0.339664 14 141 134 
-0.128226 -0.251124 -0.269067 22 140 130 
0.037176 -0.131513 -0.374861 3 132 131 
0.228546 -0.230461 -0.380203 127 131 125 
0.050084 0.135469 -0.376483 56 141 128 
-0.002731 0.217813 -0.402642 232 123 131 
-0.102526 -0.243292 -0.306146 173 146 132 
-0.302411 -0.128882 -0.401816 2 129 122 
0.182766 -0.240367 -0.180557 22 151 129 
0.142001 -0.244039 -0.169324 29 151 129 
0.130714 -0.251965 -0.189452 13 150 129 
0.069335 -0.181221 -0.344342 4 127 127 
-0.040421 -0.104785 -0.387653 7 126 129 
-0.068687 0.098445 -0.371840 64 140 128 
-0.060677 -0.248367 -0.186376 4 137 130 
-0.111936 0.126877 -0.367427 93 140 134 
-0.117531 -0.002682 -0.363932 26 144 126 
-0.081415 -0.243572 -0.144100 17 137 131 
-0.110472 -0.245331 -0.251540 21 132 133 
0.084468 -0.196857 -0.336118 19 125 126 
-0.024006 -0.084879 -0.379626 218 118 131 
-0.168723 0.002444 -0.365533 114 132 134 
-0.238518 -0.032454 -0.327995 211 153 129 
-0.083717 -0.268045 -0.725275 178 123 125 
0.293635 0.076998 -0.440535 182 150 127 
-0.086332 -0.251306 -0.309462 12 140 136 
-0.126090 -0.267834 -0.330872 5 133 133 
-0.219925 -0.246287 -0.486597 102 123 131 
-0.131648 -0.251924 -0.134329 11 151 131 
-0.063627 -0.246431 -0.196405 17 141 126 
-0.096044 -0.249810 -0.138132 9 136 132 
-0.089494 -0.238618 -0.202175 28 135 131 
-0.077391 -0.238842 -0.127613 23 137 131 
-0.045471 -0.235827 -0.139879 28 141 124 
0.121419 -0.174100 -0.430606 152 128 130 
-0.127706 0.131359 -0.375042 164 137 131 
-0.122504 0.150443 -0.379964 42 135 132 
-0.099518 -0.046728 -0.354377 39 142 126 
-0.037252 -0.076228 -0.359126 228 118 130 
0.008445 0.209731 -0.411995 46 131 131 
-0.236178 -0.078796 -0.338278 165 119 132 
-0.187188 0.189381 -0.370113 185 146 133 
0.140021 -0.153418 -0.471596 182 123 127 
0.045960 -0.248429 -0.336886 25 143 132 
0.087908 -0.216043 -0.309055 8 161 115 
0.144503 -0.238011 -0.348509 28 160 124 
0.091319 -0.237843 -0.209514 7 149 130 
-0.172095 -0.252166 -0.242872 34 151 132 
0.247047 0.029286 -0.406336 213 151 128 
0.183923 -0.228401 -0.405846 177 130 122 
0.164873 -0.216577 -0.161951 23 151 129 
0.144516 -0.233116 -0.148848 19 151 129 
0.134399 -0.228220 -0.156640 22 150 129 
-0.116529 -0.215314 -0.071549 12 152 130 
0.183668 -0.215819 -0.523641 162 126 126 
0.155854 -0.219643 -0.358155 7 132 127 
-0.064393 -0.144459 -0.407179 155 122 124 
-0.068291 0.086825 -0.375761 24 141 125 
-0.064752 -0.174766 -0.307146 45 127 126 
-0.085115 0.043242 -0.361718 23 142 126 
-0.110340 -0.233460 -0.341065 154 142 133 
-0.103264 -0.229423 -0.183571 14 137 131 
-0.180075 0.168827 -0.373548 182 143 134 
-0.115848 0.099802 -0.373655 98 144 128 
-0.123049 -0.237885 -0.336919 25 144 133 
-0.184344 -0.261635 -0.395964 145 143 134 
-0.187243 0.190464 -0.390819 202 146 132 
-0.168495 -0.173922 -0.321519 153 118 129 
-0.229096 -0.237702 -0.386847 109 149 127 
0.148879 -0.178040 -0.492459 139 121 131 
-0.018799 0.096581 -0.368389 181 143 128 
-0.114227 0.033414 -0.378720 14 143 130 
-0.083648 0.123937 -0.353319 121 134 135 
